pat	stressed	67	antis	c19	c18	cGA	cAGA	p19	p18	pGA	pAGA	cALL	pALL
3 4 5 6	4	0	3	1	0	0	0	0.0	0	0	0	1	0.0
3 4 5 9	4	0	2	3	0	0	0	0.01	0	0	0	3	0.01
3 4 5 8	4	0	2	2	0	0	0	0.01	0	0	0	2	0.0
4 5 7 9	4	0	1	1	0	0	0	0.0	0	0	0	1	0.0
4 5 7 8	4	0	2	1	0	0	0	0.0	0	0	0	1	0.0
2 3	2	0	1	0	0	1	0	0	0	0.01	0	1	0.0
2 5	2	0	0	1	0	0	0	0.0	0	0	0	1	0.0
2 4	2	0	0	2	0	0	0	0.01	0	0	0	2	0.0
2 7	2	0	0	2	0	1	0	0.01	0	0.01	0	3	0.01
2 6	2	0	0	11	0	6	3	0.03	0	0.06	0.0	17	0.03
2 9	2	0	0	0	0	3	0	0	0	0.03	0	3	0.01
1 3 4 6 7 8	6	1	3	1	0	0	0	0.0	0	0	0	1	0.0
2 3 5 6 9	5	0	2	1	0	0	0	0.0	0	0	0	1	0.0
2 3 4 6 7 9	6	1	3	2	0	0	0	0.01	0	0	0	2	0.0
1 3 4 5 8 9 10	7	0	4	0	0	1	0	0	0	0.01	0	1	0.0
1 5 6 7 8 10	6	1	3	3	0	0	2	0.01	0	0	0.0	3	0.01
1 9 10	3	0	1	0	1	0	0	0	0.02	0	0	1	0.0
2 3 6 7 8 9 10	7	1	5	1	0	1	2	0.0	0	0.01	0.0	2	0.0
2 4 6 7 9 10	6	1	2	6	3	1	33	0.02	0.07	0.01	0.05	10	0.02
1 3 5 6 9 10	6	0	2	9	0	5	13	0.03	0	0.05	0.02	14	0.03
4 8 9	3	0	1	2	0	0	0	0.01	0	0	0	2	0.0
1 4 5 8 9 10	6	0	3	0	0	3	4	0	0	0.03	0.01	3	0.01
3 5 6 7 10	5	1	2	27	4	7	25	0.08	0.09	0.07	0.04	38	0.08
1 3 4 6 8 9	6	0	2	1	0	0	0	0.0	0	0	0	1	0.0
3 5 6 9	4	0	1	3	0	0	0	0.01	0	0	0	3	0.01
3 5 6 8	4	0	1	3	0	1	0	0.01	0	0.01	0	4	0.01
3 5 6 7	4	1	2	3	0	0	0	0.01	0	0	0	3	0.01
3 6 10	3	0	0	3540	278	712	5050	10.26	6.22	6.72	7.1	4530	9.14
5 6 7 8 10	5	1	3	1	0	0	2	0.0	0	0	0.0	1	0.0
1 2 4 7 8 10	6	0	2	7	1	3	18	0.02	0.02	0.03	0.03	11	0.02
2 4 8 9	4	0	1	2	0	0	0	0.01	0	0	0	2	0.0
1 3 5 6 8 10	6	0	1	47	4	20	85	0.14	0.09	0.19	0.12	71	0.14
2 4 6 7 8 10	6	1	2	40	8	28	139	0.12	0.18	0.26	0.2	76	0.15
1 2 4 6 7 10	6	1	2	41	4	20	97	0.12	0.09	0.19	0.14	65	0.13
1 8 9 10	4	0	2	4	0	0	0	0.01	0	0	0	4	0.01
1 3 5 6 8 9 10	7	0	3	3	0	2	4	0.01	0	0.02	0.01	5	0.01
1 8 10	3	0	0	24	2	3	12	0.07	0.04	0.03	0.02	29	0.06
1 4 5 6 8 10	6	0	2	27	1	16	55	0.08	0.02	0.15	0.08	44	0.09
1 2 3 5 7 8 10	7	0	3	2	1	1	0	0.01	0.02	0.01	0	4	0.01
1 3 4 5 6 7 8 10	8	1	5	2	0	0	0	0.01	0	0	0	2	0.0
1 4 7 8 9	5	0	2	0	0	1	0	0	0	0.01	0	1	0.0
3 5 6 8 9 10	6	0	3	6	0	2	7	0.02	0	0.02	0.01	8	0.02
1 5 6 8 9	5	0	2	1	0	0	0	0.0	0	0	0	1	0.0
4 6 9 10	4	0	1	81	12	42	190	0.23	0.27	0.4	0.27	135	0.27
1 5 6 7 9	5	1	2	1	0	0	0	0.0	0	0	0	1	0.0
1 3 10	3	0	0	9	1	3	6	0.03	0.02	0.03	0.01	13	0.03
2 4 6 10	4	0	0	1322	238	633	4375	3.83	5.32	5.97	6.15	2193	4.42
1 3 4 6 7 8 9 10	8	1	5	0	0	0	2	0	0	0	0.0	0	0.0
1 2 3 4 6 8 10	7	0	3	7	1	0	28	0.02	0.02	0	0.04	8	0.02
2 5 7 9	4	0	0	6	0	0	1	0.02	0	0	0.0	6	0.01
5 7 8	3	0	1	1	0	0	0	0.0	0	0	0	1	0.0
1 3 7 9 10	5	0	1	6	1	2	1	0.02	0.02	0.02	0.0	9	0.02
1 4 9 10	4	0	1	5	0	5	10	0.01	0	0.05	0.01	10	0.02
1 4 8 10	4	0	0	1739	184	335	2783	5.04	4.12	3.16	3.92	2258	4.56
2 6 7 8 9 10	6	1	4	4	1	5	3	0.01	0.02	0.05	0.0	10	0.02
1 3 7 8 10	5	0	1	7	0	1	0	0.02	0	0.01	0	8	0.02
2 3 6 7 8 9	6	1	4	1	0	0	0	0.0	0	0	0	1	0.0
1 4 5 9	4	0	1	3	0	0	0	0.01	0	0	0	3	0.01
1 4 5 8	4	0	1	5	0	0	0	0.01	0	0	0	5	0.01
2 4 7 10	4	0	0	73	10	18	117	0.21	0.22	0.17	0.16	101	0.2
3 7 10	3	0	0	47	5	12	42	0.14	0.11	0.11	0.06	64	0.13
1 3 5 7 8 9	6	0	2	1	0	0	0	0.0	0	0	0	1	0.0
1 4 5 7 8 9 10	7	0	4	0	0	1	0	0	0	0.01	0	1	0.0
2 7 9 10	4	0	1	4	0	1	1	0.01	0	0.01	0.0	5	0.01
3 5 9 10	4	0	1	7	1	2	0	0.02	0.02	0.02	0	10	0.02
1 4 6 7 10	5	1	1	92	19	41	315	0.27	0.43	0.39	0.44	152	0.31
1 5 9	3	0	0	5	0	1	3	0.01	0	0.01	0.0	6	0.01
1 5 8	3	0	0	4	0	0	0	0.01	0	0	0	4	0.01
1 3 6 9	4	0	0	17	2	1	0	0.05	0.04	0.01	0	20	0.04
1 3 6 8	4	0	0	8	0	0	0	0.02	0	0	0	8	0.02
2 3 5 6 7 8	6	1	4	0	0	0	1	0	0	0	0.0	0	0.0
1 2 4 5 6 10	6	0	3	13	3	6	49	0.04	0.07	0.06	0.07	22	0.04
1 3 6 7	4	1	1	1	0	0	0	0.0	0	0	0	1	0.0
1 5 7	3	0	0	1	1	0	0	0.0	0.02	0	0	2	0.0
1 5 6	3	0	1	2	0	0	0	0.01	0	0	0	2	0.0
3 4 5 6 9 10	6	0	4	2	0	0	2	0.01	0	0	0.0	2	0.0
1 4 5 8 10	5	0	1	69	8	16	82	0.2	0.18	0.15	0.12	93	0.19
1 2 3 6 9	5	0	2	2	0	0	0	0.01	0	0	0	2	0.0
1 2 3 6 8	5	0	2	2	0	0	0	0.01	0	0	0	2	0.0
1 3 8 9	4	0	1	1	0	0	0	0.0	0	0	0	1	0.0
1 2 4 7 9 10	6	0	2	2	0	4	1	0.01	0	0.04	0.0	6	0.01
6 9 10	3	0	1	14	2	8	41	0.04	0.04	0.08	0.06	24	0.05
1 4 6 9	4	0	0	10	0	0	0	0.03	0	0	0	10	0.02
5 8	2	0	0	1	0	0	0	0.0	0	0	0	1	0.0
5 9	2	0	0	6	0	1	1	0.02	0	0.01	0.0	7	0.01
5 6	2	0	1	0	0	0	1	0	0	0	0.0	0	0.0
5 7	2	0	0	1	0	0	0	0.0	0	0	0	1	0.0
6 8 10	3	0	0	111	17	92	483	0.32	0.38	0.87	0.68	220	0.44
8 10	2	0	0	17	1	9	0	0.05	0.02	0.08	0	27	0.05
1 2 3 4 5 8 10	7	0	4	1	0	0	0	0.0	0	0	0	1	0.0
1 3 5 7 10	5	0	0	22	4	7	5	0.06	0.09	0.07	0.01	33	0.07
1 6 7 10	4	1	1	95	11	32	221	0.28	0.25	0.3	0.31	138	0.28
1 2 3 4 5 6 7 8 9 10	10	1	9	0	0	0	1	0	0	0	0.0	0	0.0
2 4 8 9 10	5	0	2	154	25	30	122	0.45	0.56	0.28	0.17	209	0.42
3 5 6 7 9 10	6	1	3	0	0	1	0	0	0	0.01	0	1	0.0
1 2 6 8	4	0	1	1	0	0	0	0.0	0	0	0	1	0.0
1 2 6 9	4	0	1	7	0	0	0	0.02	0	0	0	7	0.01
2 3 4 6	4	0	2	1	0	0	1	0.0	0	0	0.0	1	0.0
2 3 4 7	4	0	2	2	0	0	0	0.01	0	0	0	2	0.0
1 2 6 7 9	5	1	2	3	0	0	0	0.01	0	0	0	3	0.01
1 2 6 7 8	5	1	3	2	0	0	1	0.01	0	0	0.0	2	0.0
3 4 6 7 8 9 10	7	1	5	2	0	1	0	0.01	0	0.01	0	3	0.01
1 2 6 7	4	1	2	1	0	0	0	0.0	0	0	0	1	0.0
2 4 6 7 8	5	1	2	1	0	1	0	0.0	0	0.01	0	2	0.0
2 4 6 7 9	5	1	1	6	0	0	0	0.02	0	0	0	6	0.01
2 8 9 10	4	0	2	4	1	0	3	0.01	0.02	0	0.0	5	0.01
6	1	0	0	1	0	5	0	0.0	0	0.05	0	6	0.01
2 3 6	3	0	1	0	0	0	5	0	0	0	0.01	0	0.0
1 2 5 6 9	5	0	2	1	0	0	0	0.0	0	0	0	1	0.0
1 2 5 6 8	5	0	2	1	0	0	0	0.0	0	0	0	1	0.0
1 3 5 6 10	5	0	1	79	8	28	105	0.23	0.18	0.26	0.15	115	0.23
1 10	2	0	0	3	0	4	0	0.01	0	0.04	0	7	0.01
1 2 5 6 7	5	1	3	2	0	0	0	0.01	0	0	0	2	0.0
4 6 8	3	0	0	15	0	1	0	0.04	0	0.01	0	16	0.03
1 3 8 10	4	0	0	46	4	8	17	0.13	0.09	0.08	0.02	58	0.12
3 5 9	3	0	0	27	0	0	1	0.08	0	0	0.0	27	0.05
3 5 8	3	0	0	8	0	2	0	0.02	0	0.02	0	10	0.02
3 5 7	3	0	0	1	0	0	0	0.0	0	0	0	1	0.0
2 7 8 10	4	0	1	4	0	4	2	0.01	0	0.04	0.0	8	0.02
1 4 7 10	4	0	0	52	7	15	71	0.15	0.16	0.14	0.1	74	0.15
9 10	2	0	1	0	0	1	1	0	0	0.01	0.0	1	0.0
1 3 9 10	4	0	1	1	0	1	1	0.0	0	0.01	0.0	2	0.0
1 2 4 6 9 10	6	0	2	23	7	9	45	0.07	0.16	0.08	0.06	39	0.08
2 4 7 9 10	5	0	1	0	0	1	7	0	0	0.01	0.01	1	0.0
1 2 4 6 8 10	6	0	1	115	30	67	541	0.33	0.67	0.63	0.76	212	0.43
1 4 5 6 8	5	0	2	2	0	0	0	0.01	0	0	0	2	0.0
4 5 7 8 9 10	6	0	4	0	0	0	1	0	0	0	0.0	0	0.0
1 2 3 4 5 6 7 10	8	1	6	0	0	0	1	0	0	0	0.0	0	0.0
5 6 10	3	0	1	13	1	6	43	0.04	0.02	0.06	0.06	20	0.04
2 4 5 7 8 9 10	7	0	4	1	0	0	0	0.0	0	0	0	1	0.0
4 6 7 8 9 10	6	1	4	1	1	0	6	0.0	0.02	0	0.01	2	0.0
2 6 7 9	4	1	1	10	0	1	0	0.03	0	0.01	0	11	0.02
1 4 6 10	4	0	0	1052	176	382	2723	3.05	3.94	3.6	3.83	1610	3.25
3 4 5 10	4	0	2	7	0	0	0	0.02	0	0	0	7	0.01
2 3 4 5 8 10	6	0	3	6	1	1	5	0.02	0.02	0.01	0.01	8	0.02
1 3 4 6 7 10	6	1	2	32	4	8	52	0.09	0.09	0.08	0.07	44	0.09
1	1	0	0	1	0	1	0	0.0	0	0.01	0	2	0.0
1 2 3 6 8 9 10	7	0	4	15	0	2	7	0.04	0	0.02	0.01	17	0.03
1 6 7	3	1	1	2	0	0	0	0.01	0	0	0	2	0.0
1 3 5 8	4	0	0	8	0	0	0	0.02	0	0	0	8	0.02
1 3 5 9	4	0	0	11	0	1	0	0.03	0	0.01	0	12	0.02
1 6 8	3	0	0	7	0	0	0	0.02	0	0	0	7	0.01
1 6 9	3	0	0	8	0	2	0	0.02	0	0.02	0	10	0.02
2 3 4 7 8 10	6	0	3	10	0	2	13	0.03	0	0.02	0.02	12	0.02
4 5 10	3	0	1	19	4	5	1	0.06	0.09	0.05	0.0	28	0.06
4 8 10	3	0	0	1582	116	262	2808	4.59	2.6	2.47	3.95	1960	3.95
2 4 5 7 9	5	0	1	0	1	0	0	0	0.02	0	0	1	0.0
1 4 6 8 9	5	0	1	2	0	0	0	0.01	0	0	0	2	0.0
1 2 3 4 5 6 7 8 10	9	1	7	0	0	1	1	0	0	0.01	0.0	1	0.0
1 7 8 10	4	0	1	1	0	0	3	0.0	0	0	0.0	1	0.0
1 3 4 8 10	5	0	1	140	20	25	189	0.41	0.45	0.24	0.27	185	0.37
4 5 6 7 8	5	1	4	1	0	0	0	0.0	0	0	0	1	0.0
1 2 3 4 5 6 8 10	8	0	5	2	0	0	2	0.01	0	0	0.0	2	0.0
4 9 10	3	0	1	1	1	1	7	0.0	0.02	0.01	0.01	3	0.01
2 3 5 10	4	0	1	20	5	6	2	0.06	0.11	0.06	0.0	31	0.06
1 2 3 4 5 6 9 10	8	0	6	1	0	0	0	0.0	0	0	0	1	0.0
3 4 10	3	0	1	6	0	2	6	0.02	0	0.02	0.01	8	0.02
1 3 5 8 9	5	0	1	1	0	0	0	0.0	0	0	0	1	0.0
1 6 8 9	4	0	1	1	0	0	0	0.0	0	0	0	1	0.0
3 5 10	3	0	0	62	4	18	13	0.18	0.09	0.17	0.02	84	0.17
2 3 4 5 9	5	0	3	2	0	0	0	0.01	0	0	0	2	0.0
3 4 5 6 7 10	6	1	4	6	2	2	4	0.02	0.04	0.02	0.01	10	0.02
2 3 5 8 10	5	0	1	12	0	4	3	0.03	0	0.04	0.0	16	0.03
1 2 5 10	4	0	1	20	3	2	1	0.06	0.07	0.02	0.0	25	0.05
2 3 4 6 7 10	6	1	3	21	5	7	35	0.06	0.11	0.07	0.05	33	0.07
3 5 7 9 10	5	0	1	3	0	0	3	0.01	0	0	0.0	3	0.01
2 4 6 9	4	0	0	22	1	1	0	0.06	0.02	0.01	0	24	0.05
2 4 6 8	4	0	0	11	0	3	1	0.03	0	0.03	0.0	14	0.03
2 4 7	3	0	0	5	0	1	0	0.01	0	0.01	0	6	0.01
2 4 6	3	0	0	5	0	6	0	0.01	0	0.06	0	11	0.02
2 4 5	3	0	1	2	0	0	0	0.01	0	0	0	2	0.0
2 4 9	3	0	0	3	0	1	1	0.01	0	0.01	0.0	4	0.01
2 4 8	3	0	0	6	1	2	1	0.02	0.02	0.02	0.0	9	0.02
2 4 5 7 10	5	0	1	12	2	9	4	0.03	0.04	0.08	0.01	23	0.05
2 3 5 9 10	5	0	2	2	0	1	1	0.01	0	0.01	0.0	3	0.01
1 2 4 10	4	0	1	18	3	5	28	0.05	0.07	0.05	0.04	26	0.05
2 4 6 8 9 10	6	0	2	32	8	16	110	0.09	0.18	0.15	0.15	56	0.11
2 4 7 8 10	5	0	1	41	5	14	103	0.12	0.11	0.13	0.14	60	0.12
2 4 10	3	0	0	70	8	40	149	0.2	0.18	0.38	0.21	118	0.24
2 4 5 6 8	5	0	2	1	0	0	0	0.0	0	0	0	1	0.0
2 3 6 7 8 10	6	1	3	21	8	8	47	0.06	0.18	0.08	0.07	37	0.07
2 6 9 10	4	0	1	90	7	45	312	0.26	0.16	0.42	0.44	142	0.29
1 2 3 10	4	0	2	1	0	1	0	0.0	0	0.01	0	2	0.0
2 3 6 7 9 10	6	1	3	9	1	6	7	0.03	0.02	0.06	0.01	16	0.03
1 2 4 5 6 9 10	7	0	4	3	0	0	7	0.01	0	0	0.01	3	0.01
4 5 7 8 10	5	0	2	3	0	1	1	0.01	0	0.01	0.0	4	0.01
1 2 10	3	0	1	1	0	1	1	0.0	0	0.01	0.0	2	0.0
1 5 6 10	4	0	1	16	9	11	59	0.05	0.2	0.1	0.08	36	0.07
1 2 3 6 10	5	0	2	187	18	37	142	0.54	0.4	0.35	0.2	242	0.49
2 3 5 8 9 10	6	0	3	3	1	0	0	0.01	0.02	0	0	4	0.01
1 2 3 6 8 10	6	0	2	73	15	11	91	0.21	0.34	0.1	0.13	99	0.2
1 3 5 7 8 10	6	0	1	7	0	0	2	0.02	0	0	0.0	7	0.01
1 2 3 4 6 9 10	7	0	4	2	0	2	2	0.01	0	0.02	0.0	4	0.01
1 6 7 9 10	5	1	2	5	0	4	3	0.01	0	0.04	0.0	9	0.02
2 4 5 6 7 8 10	7	1	4	4	0	1	2	0.01	0	0.01	0.0	5	0.01
1 3 6 7 10	5	1	1	195	32	56	347	0.57	0.72	0.53	0.49	283	0.57
1 5 7 10	4	0	0	24	0	6	14	0.07	0	0.06	0.02	30	0.06
1 2 4 8 9	5	0	2	1	0	0	0	0.0	0	0	0	1	0.0
1 2 4 5 7 10	6	0	2	3	2	1	0	0.01	0.04	0.01	0	6	0.01
3 6 7 10	4	1	1	424	56	133	789	1.23	1.25	1.25	1.11	613	1.24
2 5 8 9	4	0	1	3	0	0	0	0.01	0	0	0	3	0.01
2 3 4 6 8	5	0	2	3	0	0	0	0.01	0	0	0	3	0.01
2 3 4 6 9	5	0	2	3	0	0	0	0.01	0	0	0	3	0.01
2 5 10	3	0	0	51	7	22	38	0.15	0.16	0.21	0.05	80	0.16
1 2 5 6 7 9	6	1	3	1	0	0	0	0.0	0	0	0	1	0.0
1 3 4 9 10	5	0	2	1	1	0	1	0.0	0.02	0	0.0	2	0.0
1 3 5 6 7 9 10	7	1	3	2	0	0	1	0.01	0	0	0.0	2	0.0
5 8 9 10	4	0	2	0	0	1	0	0	0	0.01	0	1	0.0
3 4 6 7 8 10	6	1	3	23	2	4	18	0.07	0.04	0.04	0.03	29	0.06
5 6 9	3	0	1	0	1	1	0	0	0.02	0.01	0	2	0.0
2 3 4 6 9 10	6	0	3	6	2	4	19	0.02	0.04	0.04	0.03	12	0.02
1 4 5 6 9 10	6	0	3	6	0	2	12	0.02	0	0.02	0.02	8	0.02
3 4 6 8	4	0	1	1	0	0	0	0.0	0	0	0	1	0.0
3 4 6 9	4	0	1	5	0	0	0	0.01	0	0	0	5	0.01
1 2 4 5 7 9 10	7	0	3	0	0	0	1	0	0	0	0.0	0	0.0
3 6 8 9	4	0	1	6	0	0	0	0.02	0	0	0	6	0.01
1 3 4 5 6 7 10	7	1	4	3	0	0	2	0.01	0	0	0.0	3	0.01
1 2 4 8 10	5	0	1	435	49	79	611	1.26	1.1	0.75	0.86	563	1.14
3 4 6 7 9 10	6	1	3	4	0	0	5	0.01	0	0	0.01	4	0.01
4 5 6 7 8 10	6	1	4	3	0	2	4	0.01	0	0.02	0.01	5	0.01
1 2 3 6 7 9 10	7	1	4	4	0	2	6	0.01	0	0.02	0.01	6	0.01
2 4 6 7 8 9	6	1	3	1	0	0	0	0.0	0	0	0	1	0.0
2 3 10	3	0	1	9	0	1	1	0.03	0	0.01	0.0	10	0.02
2 3 6 8 9 10	6	0	3	20	2	6	23	0.06	0.04	0.06	0.03	28	0.06
1 2 3 6 7 8 9 10	8	1	6	1	0	1	0	0.0	0	0.01	0	2	0.0
7	1	0	0	1	0	0	0	0.0	0	0	0	1	0.0
1 2 3 4 6 7 9 10	8	1	5	0	0	0	1	0	0	0	0.0	0	0.0
4 6 10	3	0	0	1585	186	478	3377	4.59	4.16	4.51	4.75	2249	4.54
1 3 5 6 7 8 10	7	1	3	2	1	0	5	0.01	0.02	0	0.01	3	0.01
1 2 4 5 8 10	6	0	2	19	3	5	25	0.06	0.07	0.05	0.04	27	0.05
4 5 8 9 10	5	0	3	3	0	0	0	0.01	0	0	0	3	0.01
2 10	2	0	0	20	1	10	5	0.06	0.02	0.09	0.01	31	0.06
2 6 7 9 10	5	1	2	33	3	10	27	0.1	0.07	0.09	0.04	46	0.09
2 6 10	3	0	0	2695	296	680	5592	7.81	6.62	6.42	7.87	3671	7.41
1 2 4 5 6 8 10	7	0	3	3	3	8	29	0.01	0.07	0.08	0.04	14	0.03
4 7 10	3	0	0	37	0	15	94	0.11	0	0.14	0.13	52	0.1
3 6 7 8 9 10	6	1	4	5	0	2	3	0.01	0	0.02	0.0	7	0.01
1 2 3 7 10	5	0	2	6	0	2	0	0.02	0	0.02	0	8	0.02
2 4 5 8	4	0	1	1	0	0	0	0.0	0	0	0	1	0.0
2 4 5 9	4	0	1	3	0	1	1	0.01	0	0.01	0.0	4	0.01
2 5 6 7 9	5	1	2	3	0	0	0	0.01	0	0	0	3	0.01
2 4 5 6	4	0	2	0	0	1	0	0	0	0.01	0	1	0.0
1 5 7 9 10	5	0	1	1	0	1	1	0.0	0	0.01	0.0	2	0.0
1 3 6 7 9 10	6	1	2	14	3	1	17	0.04	0.07	0.01	0.02	18	0.04
2 6 8 9 10	5	0	2	49	12	37	81	0.14	0.27	0.35	0.11	98	0.2
2 6 7 8 10	5	1	2	97	14	35	175	0.28	0.31	0.33	0.25	146	0.29
1 6 9 10	4	0	1	15	0	13	51	0.04	0	0.12	0.07	28	0.06
1 3 5 9 10	5	0	1	6	1	1	1	0.02	0.02	0.01	0.0	8	0.02
1 3 5 8 10	5	0	0	17	5	6	16	0.05	0.11	0.06	0.02	28	0.06
1 6 8 10	4	0	0	158	29	60	616	0.46	0.65	0.57	0.87	247	0.5
3 4 6 8 9 10	6	0	3	13	1	7	9	0.04	0.02	0.07	0.01	21	0.04
3 8	2	0	0	2	0	1	0	0.01	0	0.01	0	3	0.01
3 9	2	0	0	1	0	1	0	0.0	0	0.01	0	2	0.0
2 3 4 5 6 10	6	0	4	7	2	1	7	0.02	0.04	0.01	0.01	10	0.02
1 2 3 4 8 10	6	0	3	23	4	6	33	0.07	0.09	0.06	0.05	33	0.07
3 5	2	0	0	2	0	0	0	0.01	0	0	0	2	0.0
3 6	2	0	0	5	0	0	4	0.01	0	0	0.01	5	0.01
3 7	2	0	0	0	0	4	0	0	0	0.04	0	4	0.01
1 2 3 5 6 7 10	7	1	4	4	0	0	1	0.01	0	0	0.0	4	0.01
2 4 5 6 9 10	6	0	3	2	1	3	9	0.01	0.02	0.03	0.01	6	0.01
4 6 8 9 10	5	0	2	28	3	9	62	0.08	0.07	0.08	0.09	40	0.08
2 5 6 8 9 10	6	0	3	1	0	3	3	0.0	0	0.03	0.0	4	0.01
5 6 9 10	4	0	2	1	1	1	5	0.0	0.02	0.01	0.01	3	0.01
2 3 5 7 8 10	6	0	2	3	1	4	1	0.01	0.02	0.04	0.0	8	0.02
2 5 7 8	4	0	1	1	0	1	0	0.0	0	0.01	0	2	0.0
1 2 5 8	4	0	1	2	0	0	0	0.01	0	0	0	2	0.0
2 4 6 7 10	5	1	1	144	23	108	534	0.42	0.51	1.02	0.75	275	0.55
2	1	0	0	4	0	0	0	0.01	0	0	0	4	0.01
5 6 7 10	4	1	2	0	0	3	4	0	0	0.03	0.01	3	0.01
1 2 4 5 9	5	0	2	2	0	0	0	0.01	0	0	0	2	0.0
1 2 4 5 8	5	0	2	1	0	0	0	0.0	0	0	0	1	0.0
1 4 6 7 9	5	1	1	4	0	0	0	0.01	0	0	0	4	0.01
3 6 8 9 10	5	0	2	69	4	28	67	0.2	0.09	0.26	0.09	101	0.2
1 3 6 9 10	5	0	1	56	12	27	154	0.16	0.27	0.25	0.22	95	0.19
2 5 8 9 10	5	0	2	1	0	2	2	0.0	0	0.02	0.0	3	0.01
1 2 3 5 6 9	6	0	3	1	0	0	0	0.0	0	0	0	1	0.0
2 3 4 5 7 10	6	0	3	2	1	1	1	0.01	0.02	0.01	0.0	4	0.01
2 4 6 7 8 9 10	7	1	4	3	0	2	6	0.01	0	0.02	0.01	5	0.01
1 2 3 5 6 7	6	1	4	1	0	0	0	0.0	0	0	0	1	0.0
1 2 6	3	0	1	2	1	0	1	0.01	0.02	0	0.0	3	0.01
2 5 6 8 9	5	0	2	1	0	0	0	0.0	0	0	0	1	0.0
1 2 5	3	0	1	1	0	0	0	0.0	0	0	0	1	0.0
2 4 5 10	4	0	1	20	2	10	11	0.06	0.04	0.09	0.02	32	0.06
1 2 3 5 8 10	6	0	2	5	0	0	0	0.01	0	0	0	5	0.01
1 2 3 4 6 7 10	7	1	4	2	1	0	7	0.01	0.02	0	0.01	3	0.01
10	1	0	0	5	0	6	1	0.01	0	0.06	0.0	11	0.02
3 4 5 8 9 10	6	0	4	2	0	0	0	0.01	0	0	0	2	0.0
1 3 4 6 9 10	6	0	2	13	2	11	21	0.04	0.04	0.1	0.03	26	0.05
3 4 5 6 10	5	0	3	18	6	4	16	0.05	0.13	0.04	0.02	28	0.06
1 2 7 10	4	0	1	5	2	1	0	0.01	0.04	0.01	0	8	0.02
1 5 9 10	4	0	1	2	0	2	0	0.01	0	0.02	0	4	0.01
1 2 7 8 10	5	0	2	1	0	0	0	0.0	0	0	0	1	0.0
1 4 6 7 8	5	1	2	1	0	0	0	0.0	0	0	0	1	0.0
1 3 4 6 10	5	0	1	159	22	50	226	0.46	0.49	0.47	0.32	231	0.47
1 2 3 5 7	5	0	2	1	0	0	0	0.0	0	0	0	1	0.0
5 6 8 10	4	0	1	7	2	7	24	0.02	0.04	0.07	0.03	16	0.03
1 2 7 9 10	5	0	2	1	0	0	1	0.0	0	0	0.0	1	0.0
1 3 4 7 9 10	6	0	2	1	0	1	2	0.0	0	0.01	0.0	2	0.0
1 3 4 7 10	5	0	1	6	0	1	6	0.02	0	0.01	0.01	7	0.01
1 3 4 6 8 10	6	0	1	78	22	41	241	0.23	0.49	0.39	0.34	141	0.28
1 3 4 7 8 10	6	0	2	8	1	4	6	0.02	0.02	0.04	0.01	13	0.03
1 2 3 5 9	5	0	2	1	0	0	0	0.0	0	0	0	1	0.0
2 3 5 6 7 8 10	7	1	4	0	0	1	1	0	0	0.01	0.0	1	0.0
1 2 6 7 8 9 10	7	1	5	3	0	0	0	0.01	0	0	0	3	0.01
4 5 6 7 10	5	1	3	13	1	2	10	0.04	0.02	0.02	0.01	16	0.03
2 3 4 7 9 10	6	0	3	2	0	0	0	0.01	0	0	0	2	0.0
2 3 9 10	4	0	2	1	0	0	0	0.0	0	0	0	1	0.0
1 4 7 9	4	0	0	6	0	0	0	0.02	0	0	0	6	0.01
2 3 4 6 8 10	6	0	2	45	10	19	180	0.13	0.22	0.18	0.25	74	0.15
3 4 5 7 10	5	0	2	3	2	1	1	0.01	0.04	0.01	0.0	6	0.01
3 5 6 7 8 9	6	1	4	0	0	0	1	0	0	0	0.0	0	0.0
4 8 9 10	4	0	2	100	11	21	75	0.29	0.25	0.2	0.11	132	0.27
1 2 4 7 10	5	0	1	13	2	4	20	0.04	0.04	0.04	0.03	19	0.04
2 6 7 10	4	1	1	419	50	126	876	1.21	1.12	1.19	1.23	595	1.2
2 4 5 6 10	5	0	2	67	7	34	186	0.19	0.16	0.32	0.26	108	0.22
1 2 4 5 6 7 9 10	8	1	5	0	0	0	2	0	0	0	0.0	0	0.0
2 3 5 9	4	0	1	6	0	0	0	0.02	0	0	0	6	0.01
2 3 5 8	4	0	1	5	0	0	0	0.01	0	0	0	5	0.01
6 9	2	0	0	3	0	0	0	0.01	0	0	0	3	0.01
6 8	2	0	0	6	0	0	0	0.02	0	0	0	6	0.01
1 3 4 8	4	0	1	1	0	0	0	0.0	0	0	0	1	0.0
1 7 9	3	0	0	1	0	1	0	0.0	0	0.01	0	2	0.0
1 7 8	3	0	1	1	0	0	0	0.0	0	0	0	1	0.0
1 3 5 6 7 9	6	1	2	0	1	0	0	0	0.02	0	0	1	0.0
4 5 8	3	0	1	2	0	0	0	0.01	0	0	0	2	0.0
4 5 9	3	0	1	6	0	1	0	0.02	0	0.01	0	7	0.01
3 6 7	3	1	1	4	0	0	0	0.01	0	0	0	4	0.01
3 6 8	3	0	0	24	0	1	0	0.07	0	0.01	0	25	0.05
3 6 9	3	0	0	49	2	0	0	0.14	0.04	0	0	51	0.1
4 5 6	3	0	2	0	0	1	1	0	0	0.01	0.0	1	0.0
4 5 7	3	0	1	1	0	0	0	0.0	0	0	0	1	0.0
2 3 5 7 9 10	6	0	2	0	1	2	1	0	0.02	0.02	0.0	3	0.01
1 2 3 6 9 10	6	0	3	11	0	2	20	0.03	0	0.02	0.03	13	0.03
2 7 8	3	0	1	0	1	0	0	0	0.02	0	0	1	0.0
2 7 9	3	0	0	6	1	0	1	0.02	0.02	0	0.0	7	0.01
1 4 6 8 10	5	0	0	294	55	190	1599	0.85	1.23	1.79	2.25	539	1.09
3 4 8 9 10	5	0	3	12	3	1	14	0.03	0.07	0.01	0.02	16	0.03
1 3 4 5 10	5	0	2	5	0	1	0	0.01	0	0.01	0	6	0.01
1 3 6 10	4	0	0	1301	167	266	1954	3.77	3.74	2.51	2.75	1734	3.5
1 3 6 8 9 10	6	0	2	26	1	5	38	0.08	0.02	0.05	0.05	32	0.06
1 2 3 8 10	5	0	2	4	1	2	0	0.01	0.02	0.02	0	7	0.01
7 9 10	3	0	1	0	0	1	0	0	0	0.01	0	1	0.0
1 3 7 10	4	0	0	44	3	17	22	0.13	0.07	0.16	0.03	64	0.13
1 5 8 9 10	5	0	2	1	0	0	0	0.0	0	0	0	1	0.0
2 3 5 6 7 9 10	7	1	4	2	0	1	1	0.01	0	0.01	0.0	3	0.01
3 10	2	0	0	18	11	9	11	0.05	0.25	0.08	0.02	38	0.08
3 5 8 10	4	0	0	34	6	10	22	0.1	0.13	0.09	0.03	50	0.1
2 3 6 7 9	5	1	2	5	0	0	0	0.01	0	0	0	5	0.01
2 4 5 9 10	5	0	2	2	1	2	0	0.01	0.02	0.02	0	5	0.01
1 2 3 4 5 10	6	0	4	1	0	0	0	0.0	0	0	0	1	0.0
1 3 4 6 7 9	6	1	2	0	0	1	0	0	0	0.01	0	1	0.0
3 4 6 8 9	5	0	2	2	0	0	0	0.01	0	0	0	2	0.0
2 6 8 9	4	0	1	6	0	1	0	0.02	0	0.01	0	7	0.01
1 2 6 8 9 10	6	0	3	13	1	4	18	0.04	0.02	0.04	0.03	18	0.04
2 3 6 7	4	1	2	1	0	0	0	0.0	0	0	0	1	0.0
2 3 6 8	4	0	1	7	0	0	1	0.02	0	0	0.0	7	0.01
2 3 6 9	4	0	1	13	0	0	1	0.04	0	0	0.0	13	0.03
2 3 7 8 10	5	0	2	4	1	1	1	0.01	0.02	0.01	0.0	6	0.01
1 2 3 4 5 6 8 9	8	0	6	1	0	0	0	0.0	0	0	0	1	0.0
1 2 4 5 7 8 10	7	0	3	1	0	0	1	0.0	0	0	0.0	1	0.0
3 4 5 6 8 10	6	0	3	7	2	8	14	0.02	0.04	0.08	0.02	17	0.03
3 4 5 6 7 9 10	7	1	5	0	0	1	0	0	0	0.01	0	1	0.0
2 3 4 5 10	5	0	3	0	1	1	0	0	0.02	0.01	0	2	0.0
4 5 6 7 9 10	6	1	4	1	0	1	0	0.0	0	0.01	0	2	0.0
2 3 8 10	4	0	1	27	2	4	17	0.08	0.04	0.04	0.02	33	0.07
2 4 6 8 10	5	0	0	484	124	383	3043	1.4	2.77	3.61	4.28	991	2.0
1 3 4 5 7 10	6	0	2	7	0	1	0	0.02	0	0.01	0	8	0.02
1 2 4 6 7 9	6	1	2	2	0	0	0	0.01	0	0	0	2	0.0
1 3 4 8 9 10	6	0	3	13	1	0	5	0.04	0.02	0	0.01	14	0.03
2 3 4 6 7 8 9	7	1	5	0	1	0	0	0	0.02	0	0	1	0.0
2 4 6 9 10	5	0	1	71	19	43	320	0.21	0.43	0.41	0.45	133	0.27
3 4 5 7 8	5	0	3	1	0	0	0	0.0	0	0	0	1	0.0
3 4 5 7 9	5	0	2	3	0	0	0	0.01	0	0	0	3	0.01
2 4 7 8 9 10	6	0	3	4	2	1	1	0.01	0.04	0.01	0.0	7	0.01
3 7 8 9 10	5	0	3	0	0	1	0	0	0	0.01	0	1	0.0
3 7 8 10	4	0	1	9	0	0	3	0.03	0	0	0.0	9	0.02
2 3 4 5 9 10	6	0	4	1	0	1	0	0.0	0	0.01	0	2	0.0
1 3 6 7 8 9 10	7	1	4	1	1	1	0	0.0	0.02	0.01	0	3	0.01
3 4 5 6 7 8 10	7	1	5	0	0	0	1	0	0	0	0.0	0	0.0
2 3 4 10	4	0	2	4	2	3	11	0.01	0.04	0.03	0.02	9	0.02
1 3 4 5 6 10	6	0	3	8	1	3	7	0.02	0.02	0.03	0.01	12	0.02
1 2 3 4 5 6 8 9 10	9	0	7	1	0	0	0	0.0	0	0	0	1	0.0
5 10	2	0	0	3	1	6	4	0.01	0.02	0.06	0.01	10	0.02
3 4 6 7 10	5	1	2	49	8	12	84	0.14	0.18	0.11	0.12	69	0.14
1 2 3 9 10	5	0	3	0	0	1	0	0	0	0.01	0	1	0.0
1 4 6 7 8 10	6	1	2	15	3	7	90	0.04	0.07	0.07	0.13	25	0.05
1 2 5 6 7 8 10	7	1	4	1	0	2	3	0.0	0	0.02	0.0	3	0.01
1 2 6 7 10	5	1	2	79	18	19	131	0.23	0.4	0.18	0.18	116	0.23
1 2 4 5 6 8 9 10	8	0	5	1	0	0	1	0.0	0	0	0.0	1	0.0
3 6 8 10	4	0	0	1112	180	392	2595	3.22	4.03	3.7	3.65	1684	3.4
2 5 7 8 10	5	0	1	7	1	1	0	0.02	0.02	0.01	0	9	0.02
1 4 7	3	0	0	4	0	0	0	0.01	0	0	0	4	0.01
2 3 4 8 9 10	6	0	4	23	4	10	22	0.07	0.09	0.09	0.03	37	0.07
1 2 3 4 6 7 8 9 10	9	1	7	0	0	0	2	0	0	0	0.0	0	0.0
1 4 6 7 9 10	6	1	2	5	3	3	17	0.01	0.07	0.03	0.02	11	0.02
1 2 3 5 9 10	6	0	3	0	0	2	0	0	0	0.02	0	2	0.0
1 5 6 8 9 10	6	0	3	2	0	1	0	0.01	0	0.01	0	3	0.01
2 5 6 7 10	5	1	2	14	2	7	33	0.04	0.04	0.07	0.05	23	0.05
1 3 6 7 9	5	1	1	10	0	0	0	0.03	0	0	0	10	0.02
1 2 5 8 10	5	0	1	11	1	1	4	0.03	0.02	0.01	0.01	13	0.03
1 2 5 9 10	5	0	2	1	0	0	0	0.0	0	0	0	1	0.0
1 5 7 9	4	0	0	1	0	0	0	0.0	0	0	0	1	0.0
1 3 4 5 6 8 9 10	8	0	5	1	0	0	0	0.0	0	0	0	1	0.0
3	1	0	0	0	0	2	0	0	0	0.02	0	2	0.0
4 6 7 9	4	1	1	9	1	0	0	0.03	0.02	0	0	10	0.02
2 4 5 8 10	5	0	1	59	16	24	127	0.17	0.36	0.23	0.18	99	0.2
2 5 9 10	4	0	1	6	1	3	2	0.02	0.02	0.03	0.0	10	0.02
1 8 9	3	0	1	1	0	0	0	0.0	0	0	0	1	0.0
2 3 4 7 8 9 10	7	0	5	0	1	0	0	0	0.02	0	0	1	0.0
2 5 6 7 8 10	6	1	3	3	0	1	13	0.01	0	0.01	0.02	4	0.01
6 8 9 10	4	0	2	10	1	4	19	0.03	0.02	0.04	0.03	15	0.03
1 3 6 7 8 10	6	1	2	49	7	6	62	0.14	0.16	0.06	0.09	62	0.13
1 5 7 8 10	5	0	1	1	0	0	1	0.0	0	0	0.0	1	0.0
2 5 6 7 9 10	6	1	3	0	1	1	3	0	0.02	0.01	0.0	2	0.0
1 2 4 8	4	0	1	1	0	0	0	0.0	0	0	0	1	0.0
1 2 4 9	4	0	1	0	1	0	0	0	0.02	0	0	1	0.0
3 4 6 7 8 9	6	1	4	1	0	0	0	0.0	0	0	0	1	0.0
3 5 6 7 8	5	1	3	1	0	0	0	0.0	0	0	0	1	0.0
1 4 5 6 7 10	6	1	3	6	0	0	15	0.02	0	0	0.02	6	0.01
1 2 4 5	4	0	2	1	0	0	0	0.0	0	0	0	1	0.0
3 4 6 7 9	5	1	2	1	0	0	0	0.0	0	0	0	1	0.0
3 4 6 7 8	5	1	3	1	0	0	0	0.0	0	0	0	1	0.0
2 3 7 9 10	5	0	2	5	0	1	1	0.01	0	0.01	0.0	6	0.01
2 5 8 10	4	0	0	39	5	10	46	0.11	0.11	0.09	0.06	54	0.11
1 3 5 6 8 9	6	0	2	2	0	0	0	0.01	0	0	0	2	0.0
1 2 4 6 8 9 10	7	0	3	7	2	7	16	0.02	0.04	0.07	0.02	16	0.03
1 2 5 8 9 10	6	0	3	1	0	0	0	0.0	0	0	0	1	0.0
2 3 6 9 10	5	0	2	39	10	12	79	0.11	0.22	0.11	0.11	61	0.12
2 3 6 8 10	5	0	1	230	51	124	660	0.67	1.14	1.17	0.93	405	0.82
1 2 3 5 8	5	0	2	3	0	0	0	0.01	0	0	0	3	0.01
3 7 9 10	4	0	1	5	1	1	3	0.01	0.02	0.01	0.0	7	0.01
1 4 6 7 8 9 10	7	1	4	1	0	1	2	0.0	0	0.01	0.0	2	0.0
2 4 5 7 8 9	6	0	3	1	0	0	0	0.0	0	0	0	1	0.0
1 3 4 6 8 9 10	7	0	3	9	4	5	11	0.03	0.09	0.05	0.02	18	0.04
3 6 9 10	4	0	1	126	16	51	326	0.37	0.36	0.48	0.46	193	0.39
1 2 3 4 6 10	6	0	3	21	3	11	33	0.06	0.07	0.1	0.05	35	0.07
1 2 3 5 6 7 8 10	8	1	5	0	0	0	1	0	0	0	0.0	0	0.0
1 3 5 6 7 10	6	1	2	15	2	2	13	0.04	0.04	0.02	0.02	19	0.04
1 3 4 10	4	0	1	4	0	0	15	0.01	0	0	0.02	4	0.01
1 2 3 4 7 8 9 10	8	0	6	0	0	0	1	0	0	0	0.0	0	0.0
3 4 5 6 7 8	6	1	5	1	0	0	0	0.0	0	0	0	1	0.0
3 4 5 6 7 9	6	1	4	2	0	0	0	0.01	0	0	0	2	0.0
2 3 4 5 6 8 9 10	8	0	6	1	0	0	0	0.0	0	0	0	1	0.0
1 7 10	3	0	0	6	1	3	3	0.02	0.02	0.03	0.0	10	0.02
3 5 6 10	4	0	1	226	30	73	291	0.66	0.67	0.69	0.41	329	0.66
1 3 6 8 9	5	0	1	8	0	0	0	0.02	0	0	0	8	0.02
2 3 5 6 8 10	6	0	2	18	0	2	41	0.05	0	0.02	0.06	20	0.04
1 3 9	3	0	0	1	0	0	0	0.0	0	0	0	1	0.0
2 3 5 7 8 9	6	0	3	0	1	0	0	0	0.02	0	0	1	0.0
1 3 5 6 8	5	0	1	1	0	0	0	0.0	0	0	0	1	0.0
1 3 5 6 9	5	0	1	2	0	0	0	0.01	0	0	0	2	0.0
1 2 4 6 10	5	0	1	271	54	95	695	0.79	1.21	0.9	0.98	420	0.85
2 3 5 6 10	5	0	2	32	8	21	58	0.09	0.18	0.2	0.08	61	0.12
1 4 7 9 10	5	0	1	5	0	1	2	0.01	0	0.01	0.0	6	0.01
1 4	2	0	0	1	0	0	0	0.0	0	0	0	1	0.0
1 5	2	0	0	1	0	0	0	0.0	0	0	0	1	0.0
2 5 7 9 10	5	0	1	3	0	0	0	0.01	0	0	0	3	0.01
4 7 8 9 10	5	0	3	2	1	0	2	0.01	0.02	0	0.0	3	0.01
1 2 3 4 6 7	6	1	4	1	0	0	0	0.0	0	0	0	1	0.0
1 2 3 6 7 8	6	1	4	1	0	0	0	0.0	0	0	0	1	0.0
1 2 3 6 7 9	6	1	3	1	0	0	0	0.0	0	0	0	1	0.0
3 6 7 9	4	1	1	13	0	0	0	0.04	0	0	0	13	0.03
3 6 7 8	4	1	2	1	0	0	0	0.0	0	0	0	1	0.0
1 2 3 6	4	0	2	0	0	0	1	0	0	0	0.0	0	0.0
4 5 6 8 9 10	6	0	4	7	0	2	5	0.02	0	0.02	0.01	9	0.02
7 8 10	3	0	1	2	0	1	0	0.01	0	0.01	0	3	0.01
3 4 7 10	4	0	1	11	2	3	7	0.03	0.04	0.03	0.01	16	0.03
4 6 7 10	4	1	1	134	21	63	422	0.39	0.47	0.59	0.59	218	0.44
2 3 4 7 9	5	0	2	1	0	0	0	0.0	0	0	0	1	0.0
1 2 3 9	4	0	2	1	0	0	0	0.0	0	0	0	1	0.0
1 2 5 7 9 10	6	0	2	1	0	1	0	0.0	0	0.01	0	2	0.0
1 3 5 8 9 10	6	0	2	2	0	0	0	0.01	0	0	0	2	0.0
2 3 5 6 9 10	6	0	3	7	0	3	8	0.02	0	0.03	0.01	10	0.02
2 3 4 7 8	5	0	3	1	0	0	0	0.0	0	0	0	1	0.0
1 2 6 7 8 10	6	1	3	15	4	8	42	0.04	0.09	0.08	0.06	27	0.05
1 6 8 9 10	5	0	2	5	2	2	18	0.01	0.04	0.02	0.03	9	0.02
3 5 8 9	4	0	1	4	0	0	0	0.01	0	0	0	4	0.01
1 2 6 8 9	5	0	2	1	0	0	0	0.0	0	0	0	1	0.0
2 4 5 8 9 10	6	0	3	8	0	0	2	0.02	0	0	0.0	8	0.02
1 3 4 6 7 9 10	7	1	3	5	2	0	3	0.01	0.04	0	0.0	7	0.01
4 10	2	0	0	35	4	20	99	0.1	0.09	0.19	0.14	59	0.12
1 3 4 6 7 8 10	7	1	3	8	1	5	13	0.02	0.02	0.05	0.02	14	0.03
1 2 6 7 9 10	6	1	3	7	1	0	13	0.02	0.02	0	0.02	8	0.02
2 3 5 7 9	5	0	1	4	2	0	0	0.01	0.04	0	0	6	0.01
2 3 4 6 10	5	0	2	92	16	44	214	0.27	0.36	0.42	0.3	152	0.31
2 3 4 5 6 7 10	7	1	5	0	0	0	1	0	0	0	0.0	0	0.0
4 5 6 8	4	0	2	3	0	0	0	0.01	0	0	0	3	0.01
4 5 6 9	4	0	2	1	0	0	0	0.0	0	0	0	1	0.0
3 4 5 6 8 9 10	7	0	5	1	0	0	0	0.0	0	0	0	1	0.0
2 3 7	3	0	1	3	0	0	0	0.01	0	0	0	3	0.01
1 2 3 6 8 9	6	0	3	4	0	0	0	0.01	0	0	0	4	0.01
1 2 4 5 6 7 8 9 10	9	1	7	0	1	0	0	0	0.02	0	0	1	0.0
1 2 3 6 7 10	6	1	3	27	3	7	20	0.08	0.07	0.07	0.03	37	0.07
6 8 9	3	0	1	0	0	2	0	0	0	0.02	0	2	0.0
3 6 7 8 9	5	1	3	2	0	0	0	0.01	0	0	0	2	0.0
1 3 5 7 8 9 10	7	0	3	2	0	0	0	0.01	0	0	0	2	0.0
3 6 7 8 10	5	1	2	110	21	26	158	0.32	0.47	0.25	0.22	157	0.32
2 3 4 6 7 8 9 10	8	1	6	1	0	0	2	0.0	0	0	0.0	1	0.0
2 6 8 10	4	0	0	935	131	447	3172	2.71	2.93	4.22	4.46	1513	3.05
1 2 4 6 8	5	0	1	4	1	0	0	0.01	0.02	0	0	5	0.01
1 2 4 6 9	5	0	1	6	0	0	0	0.02	0	0	0	6	0.01
1 2 3 4 7 10	6	0	3	1	0	0	0	0.0	0	0	0	1	0.0
3 4 7 8 9 10	6	0	4	1	0	0	0	0.0	0	0	0	1	0.0
9	1	0	0	1	0	1	0	0.0	0	0.01	0	2	0.0
3 6 7 9 10	5	1	2	34	4	7	35	0.1	0.09	0.07	0.05	45	0.09
5 6 8	3	0	1	4	0	0	0	0.01	0	0	0	4	0.01
1 2 4 6 7	5	1	2	1	0	0	0	0.0	0	0	0	1	0.0
2 5 6 9 10	5	0	2	19	1	8	32	0.06	0.02	0.08	0.05	28	0.06
1 3 7 9	4	0	0	8	0	0	1	0.02	0	0	0.0	8	0.02
1 4 5 9 10	5	0	2	0	0	1	1	0	0	0.01	0.0	1	0.0
3 5 6 8 10	5	0	1	86	9	23	150	0.25	0.2	0.22	0.21	118	0.24
2 5 6 8 10	5	0	1	45	7	42	183	0.13	0.16	0.4	0.26	94	0.19
1 2 3 5 7 8	6	0	3	1	0	0	0	0.0	0	0	0	1	0.0
1 4 7 8 10	5	0	1	23	4	12	55	0.07	0.09	0.11	0.08	39	0.08
1 2 8 10	4	0	1	6	2	4	5	0.02	0.04	0.04	0.01	12	0.02
1 4 7 8 9 10	6	0	3	3	0	0	2	0.01	0	0	0.0	3	0.01
2 5 7 10	4	0	0	47	7	12	18	0.14	0.16	0.11	0.03	66	0.13
1 2 4 5 6 7 8 10	8	1	5	0	0	0	1	0	0	0	0.0	0	0.0
1 6 7 8 10	5	1	2	24	4	7	45	0.07	0.09	0.07	0.06	35	0.07
1 2 3 7 9 10	6	0	3	1	0	0	0	0.0	0	0	0	1	0.0
5 7 9 10	4	0	1	0	0	1	0	0	0	0.01	0	1	0.0
3 4 6 10	4	0	1	323	48	92	496	0.94	1.07	0.87	0.7	463	0.93
1 2 5 7 8 10	6	0	2	2	0	0	2	0.01	0	0	0.0	2	0.0
2 3 7 10	4	0	1	26	2	8	5	0.08	0.04	0.08	0.01	36	0.07
4 5 6 9 10	5	0	3	3	2	4	11	0.01	0.04	0.04	0.02	9	0.02
4 5 6 8 10	5	0	2	47	15	26	91	0.14	0.34	0.25	0.13	88	0.18
3 4 6 9 10	5	0	2	20	5	5	34	0.06	0.11	0.05	0.05	30	0.06
2 3 6 10	4	0	1	555	71	154	1118	1.61	1.59	1.45	1.57	780	1.57
1 2 3 4 6 9	6	0	3	1	1	0	0	0.0	0.02	0	0	2	0.0
1 2 5 7 8 9 10	7	0	4	1	0	0	0	0.0	0	0	0	1	0.0
3 4 5 6 7 8 9	7	1	6	1	0	0	0	0.0	0	0	0	1	0.0
4 7	2	0	0	2	0	1	0	0.01	0	0.01	0	3	0.01
4 6	2	0	0	2	0	1	1	0.01	0	0.01	0.0	3	0.01
2 8 10	3	0	0	54	3	17	51	0.16	0.07	0.16	0.07	74	0.15
5 7 10	3	0	0	9	0	9	16	0.03	0	0.08	0.02	18	0.04
4 9	2	0	0	4	0	1	0	0.01	0	0.01	0	5	0.01
4 8	2	0	0	4	1	0	0	0.01	0.02	0	0	5	0.01
1 2 3 4 7 8 10	7	0	4	1	0	0	1	0.0	0	0	0.0	1	0.0
3 8 10	3	0	0	39	2	5	28	0.11	0.04	0.05	0.04	46	0.09
4 6 9	3	0	0	23	1	1	0	0.07	0.02	0.01	0	25	0.05
1 2 3 7 8 10	6	0	3	1	0	0	0	0.0	0	0	0	1	0.0
6 7 8 9 10	5	1	4	2	0	0	1	0.01	0	0	0.0	2	0.0
1 2 4 5 8 9 10	7	0	4	1	0	0	0	0.0	0	0	0	1	0.0
1 4 6 8	4	0	0	4	0	0	0	0.01	0	0	0	4	0.01
3 4 6 8 10	5	0	1	137	20	53	278	0.4	0.45	0.5	0.39	210	0.42
2 4 5 7 8 10	6	0	2	8	0	0	0	0.02	0	0	0	8	0.02
4 5 7 10	4	0	1	10	0	1	2	0.03	0	0.01	0.0	11	0.02
1 2 4 5 6 7 10	7	1	4	0	0	0	5	0	0	0	0.01	0	0.0
1 3 5 7 9 10	6	0	1	1	1	1	0	0.0	0.02	0.01	0	3	0.01
4 5 6 10	4	0	2	124	12	28	171	0.36	0.27	0.26	0.24	164	0.33
6 7 9 10	4	1	2	3	0	1	9	0.01	0	0.01	0.01	4	0.01
1 4 8 9 10	5	0	2	97	10	24	77	0.28	0.22	0.23	0.11	131	0.26
2 4 5 6 7 8 9 10	8	1	6	0	0	1	0	0	0	0.01	0	1	0.0
3 9 10	3	0	1	0	0	0	1	0	0	0	0.0	0	0.0
5 7 8 10	4	0	1	6	1	0	0	0.02	0.02	0	0	7	0.01
1 4 6 9 10	5	0	1	40	9	27	172	0.12	0.2	0.25	0.24	76	0.15
4	1	0	0	1	0	1	0	0.0	0	0.01	0	2	0.0
1 2 5 6 10	5	0	2	22	2	14	58	0.06	0.04	0.13	0.08	38	0.08
3 5 7 8	4	0	1	0	1	0	0	0	0.02	0	0	1	0.0
3 5 7 9	4	0	0	7	0	0	0	0.02	0	0	0	7	0.01
4 5 7 9 10	5	0	2	1	0	0	0	0.0	0	0	0	1	0.0
1 4 6 7	4	1	1	1	0	0	0	0.0	0	0	0	1	0.0
1 6 7 8 9 10	6	1	4	1	0	3	0	0.0	0	0.03	0	4	0.01
1 4 6	3	0	0	1	0	1	0	0.0	0	0.01	0	2	0.0
3 4 7 8 10	5	0	2	2	0	2	13	0.01	0	0.02	0.02	4	0.01
1 4 8	3	0	0	9	1	0	0	0.03	0.02	0	0	10	0.02
1 4 9	3	0	0	2	0	0	0	0.01	0	0	0	2	0.0
1 3 7 8	4	0	1	1	0	0	0	0.0	0	0	0	1	0.0
1 2 4 5 10	5	0	2	3	1	2	1	0.01	0.02	0.02	0.0	6	0.01
6 7 8 10	4	1	2	15	6	9	51	0.04	0.13	0.08	0.07	30	0.06
2 3 4 6 7 8 10	7	1	4	4	0	2	12	0.01	0	0.02	0.02	6	0.01
1 6	2	0	0	0	0	0	1	0	0	0	0.0	0	0.0
1 3 4 6 9	5	0	1	6	2	0	0	0.02	0.04	0	0	8	0.02
1 3 4 6 8	5	0	1	2	0	0	0	0.01	0	0	0	2	0.0
1 2 4 6 7 8 9 10	8	1	5	0	0	0	1	0	0	0	0.0	0	0.0
3 7 9	3	0	0	5	1	4	0	0.01	0.02	0.04	0	10	0.02
1 2 5 7 10	5	0	1	14	0	5	2	0.04	0	0.05	0.0	19	0.04
1 5 6 7 10	5	1	2	1	0	1	8	0.0	0	0.01	0.01	2	0.0
1 4 5 7 8 10	6	0	2	1	0	0	0	0.0	0	0	0	1	0.0
3 5 7 8 9 10	6	0	3	1	0	0	0	0.0	0	0	0	1	0.0
2 6 9	3	0	0	38	1	1	1	0.11	0.02	0.01	0.0	40	0.08
2 3 5 7	4	0	1	1	0	0	0	0.0	0	0	0	1	0.0
2 3 8	3	0	1	2	0	0	0	0.01	0	0	0	2	0.0
1 2 3 5 7 10	6	0	2	11	2	3	2	0.03	0.04	0.03	0.0	16	0.03
1 2 3 5 6 8 10	7	0	3	9	1	2	11	0.03	0.02	0.02	0.02	12	0.02
3 5 6 9 10	5	0	2	20	3	4	18	0.06	0.07	0.04	0.03	27	0.05
1 3 4 5 9	5	0	2	1	0	0	0	0.0	0	0	0	1	0.0
2 6 8	3	0	0	29	2	2	1	0.08	0.04	0.02	0.0	33	0.07
2 3 5 6 8 9 10	7	0	4	1	0	1	2	0.0	0	0.01	0.0	2	0.0
2 3 6 7 10	5	1	2	93	20	45	207	0.27	0.45	0.42	0.29	158	0.32
1 2 3 5 6 10	6	0	3	14	2	5	8	0.04	0.04	0.05	0.01	21	0.04
1 3 4 5 7	5	0	2	2	0	0	0	0.01	0	0	0	2	0.0
2 5 6 8	4	0	1	1	0	0	0	0.0	0	0	0	1	0.0
2 5 6 9	4	0	1	3	0	0	0	0.01	0	0	0	3	0.01
5 8 10	3	0	0	5	1	2	2	0.01	0.02	0.02	0.0	8	0.02
1 2 4 6 7 8 10	7	1	3	7	1	7	39	0.02	0.02	0.07	0.05	15	0.03
2 5 6 7 8 9 10	7	1	5	1	0	0	0	0.0	0	0	0	1	0.0
1 2 6 9 10	5	0	2	21	3	6	61	0.06	0.07	0.06	0.09	30	0.06
2 3 4 5 6 7 8 10	8	1	6	0	0	0	1	0	0	0	0.0	0	0.0
1 3 4 5 7 8 10	7	0	3	2	0	0	0	0.01	0	0	0	2	0.0
1 2 4 6 7 9 10	7	1	3	2	0	1	2	0.01	0	0.01	0.0	3	0.01
2 3 8 9 10	5	0	3	1	0	0	1	0.0	0	0	0.0	1	0.0
1 3 4 5 7 9 10	7	0	3	1	1	0	1	0.0	0.02	0	0.0	2	0.0
1 3 4 6 7 8 9	7	1	4	1	0	0	0	0.0	0	0	0	1	0.0
1 6 10	3	0	0	405	50	133	967	1.17	1.12	1.25	1.36	588	1.19
1 4 5 6 9	5	0	2	1	0	0	0	0.0	0	0	0	1	0.0
4 6 8 10	4	0	0	529	102	309	2094	1.53	2.28	2.92	2.95	940	1.9
2 4 6 8 9	5	0	1	5	0	0	0	0.01	0	0	0	5	0.01
1 3 5 10	4	0	0	53	3	13	14	0.15	0.07	0.12	0.02	69	0.14
2 3 7 9	4	0	1	3	0	0	0	0.01	0	0	0	3	0.01
1 3 4 5 6 9 10	7	0	4	2	0	0	1	0.01	0	0	0.0	2	0.0
2 3 4 5 7 9 10	7	0	4	1	0	0	0	0.0	0	0	0	1	0.0
1 4 5 6 8 9 10	7	0	4	1	0	2	2	0.0	0	0.02	0.0	3	0.01
3 5 7 10	4	0	0	29	3	13	18	0.08	0.07	0.12	0.03	45	0.09
2 3 6 8 9	5	0	2	5	0	0	0	0.01	0	0	0	5	0.01
3 4 5 9 10	5	0	3	2	0	0	0	0.01	0	0	0	2	0.0
1 3 4 5 8	5	0	2	0	0	1	0	0	0	0.01	0	1	0.0
2 3 4 5 6 9	6	0	4	1	0	0	0	0.0	0	0	0	1	0.0
3 4 5 6 7	5	1	4	1	0	0	0	0.0	0	0	0	1	0.0
1 2 6 10	4	0	1	415	38	92	797	1.2	0.85	0.87	1.12	545	1.1
1 5 6 8 10	5	0	1	7	2	2	30	0.02	0.04	0.02	0.04	11	0.02
3 4 6	3	0	1	0	0	0	1	0	0	0	0.0	0	0.0
3 4 7	3	0	1	1	0	0	0	0.0	0	0	0	1	0.0
4 7 9	3	0	0	4	0	0	0	0.01	0	0	0	4	0.01
1 2 5 7 8	5	0	2	1	0	0	0	0.0	0	0	0	1	0.0
1 2 5 7 9	5	0	1	4	0	0	0	0.01	0	0	0	4	0.01
1 3 4 5 6 8 10	7	0	3	2	1	4	4	0.01	0.02	0.04	0.01	7	0.01
4 6 7 8 9	5	1	3	2	0	0	0	0.01	0	0	0	2	0.0
6 10	2	0	0	266	40	114	639	0.77	0.89	1.08	0.9	420	0.85
2 3 4 6 8 9 10	7	0	4	7	1	4	6	0.02	0.02	0.04	0.01	12	0.02
1 2 3 4 10	5	0	3	0	0	0	1	0	0	0	0.0	0	0.0
1 2 8 9 10	5	0	3	0	0	2	0	0	0	0.02	0	2	0.0
2 4 8 10	4	0	0	2854	348	576	5517	8.27	7.79	5.43	7.76	3778	7.62
2 4 9 10	4	0	1	9	1	4	19	0.03	0.02	0.04	0.03	14	0.03
2 6 7 8 9	5	1	3	1	0	0	0	0.0	0	0	0	1	0.0
1 2 4 7 8 9 10	7	0	4	1	0	0	0	0.0	0	0	0	1	0.0
4 7 9 10	4	0	1	2	0	2	4	0.01	0	0.02	0.01	4	0.01
2 7 10	3	0	0	25	4	4	21	0.07	0.09	0.04	0.03	33	0.07
1 2 5 6 7 10	6	1	3	5	1	0	6	0.01	0.02	0	0.01	6	0.01
1 3	2	0	0	1	0	0	0	0.0	0	0	0	1	0.0
1 2 4 8 9 10	6	0	3	32	2	6	34	0.09	0.04	0.06	0.05	40	0.08
2 3 4 6 7 9 10	7	1	4	3	0	3	1	0.01	0	0.03	0.0	6	0.01
1 2 4 9 10	5	0	2	0	0	1	5	0	0	0.01	0.01	1	0.0
2 3 4 8	4	0	2	2	0	0	0	0.01	0	0	0	2	0.0
3 8 9 10	4	0	2	1	0	2	3	0.0	0	0.02	0.0	3	0.01
1 2 3 4 5 8 9 10	8	0	6	0	0	0	1	0	0	0	0.0	0	0.0
2 5 7 8 9 10	6	0	3	1	0	0	0	0.0	0	0	0	1	0.0
3 5 7 8 10	5	0	1	4	1	3	1	0.01	0.02	0.03	0.0	8	0.02
2 4 5 6 7 8	6	1	4	1	0	0	0	0.0	0	0	0	1	0.0
3 5 6 7 8 10	6	1	3	1	0	1	4	0.0	0	0.01	0.01	2	0.0
2 3 4 5 8 9 10	7	0	5	0	0	0	1	0	0	0	0.0	0	0.0
1 2 3 5 6 9 10	7	0	4	1	0	0	0	0.0	0	0	0	1	0.0
6 7 8	3	1	2	1	0	0	0	0.0	0	0	0	1	0.0
6 7 9	3	1	1	7	0	0	0	0.02	0	0	0	7	0.01
4 7 8 10	4	0	1	21	3	4	68	0.06	0.07	0.04	0.1	28	0.06
1 2 6 8 10	5	0	1	150	28	69	474	0.43	0.63	0.65	0.67	247	0.5
1 5 6 9	4	0	1	2	0	0	0	0.01	0	0	0	2	0.0
4 6 7 9 10	5	1	2	10	1	2	18	0.03	0.02	0.02	0.03	13	0.03
6 7	2	1	1	2	0	0	0	0.01	0	0	0	2	0.0
2 3 5 6 7 10	6	1	3	0	1	1	9	0	0.02	0.01	0.01	2	0.0
1 4 5 7 10	5	0	1	5	1	1	1	0.01	0.02	0.01	0.0	7	0.01
1 3 5 6 7 8 9 10	8	1	5	1	0	0	2	0.0	0	0	0.0	1	0.0
2 3 4 5 6 8 10	7	0	4	2	2	2	7	0.01	0.04	0.02	0.01	6	0.01
3 4 5 7 8 9 10	7	0	5	2	0	0	0	0.01	0	0	0	2	0.0
1 2 3 4 8 9 10	7	0	5	4	0	0	0	0.01	0	0	0	4	0.01
2 3 4 5 6 9 10	7	0	5	1	2	0	0	0.0	0.04	0	0	3	0.01
6 7 10	3	1	1	57	10	36	186	0.17	0.22	0.34	0.26	103	0.21
5 9 10	3	0	1	2	0	2	3	0.01	0	0.02	0.0	4	0.01
1 2 5 7	4	0	1	2	0	0	0	0.01	0	0	0	2	0.0
1 2 5 9	4	0	1	6	0	0	0	0.02	0	0	0	6	0.01
3 4 8 9	4	0	2	1	0	0	0	0.0	0	0	0	1	0.0
3 4 5 8 10	5	0	2	3	2	4	10	0.01	0.04	0.04	0.01	9	0.02
1 2 3 4 5 6 10	7	0	5	2	0	0	2	0.01	0	0	0.0	2	0.0
4 6 7 8 10	5	1	2	38	14	23	95	0.11	0.31	0.22	0.13	75	0.15
2 4 5 6 8 10	6	0	2	32	5	17	103	0.09	0.11	0.16	0.14	54	0.11
2 5 6 10	4	0	1	100	23	58	333	0.29	0.51	0.55	0.47	181	0.37
2 3 5 7 10	5	0	1	10	0	6	3	0.03	0	0.06	0.0	16	0.03
1 3 4 5 9 10	6	0	3	2	0	0	0	0.01	0	0	0	2	0.0
1 2 3 4 6 8 9 10	8	0	5	1	1	0	1	0.0	0.02	0	0.0	2	0.0
3 4 5 7 9 10	6	0	3	1	0	0	0	0.0	0	0	0	1	0.0
1 5 6 9 10	5	0	2	2	0	4	2	0.01	0	0.04	0.0	6	0.01
1 3 6 7 8 9	6	1	3	1	0	0	0	0.0	0	0	0	1	0.0
1 3 4 5 8 10	6	0	2	4	0	0	8	0.01	0	0	0.01	4	0.01
1 3 6 8 10	5	0	0	486	82	149	1093	1.41	1.83	1.41	1.54	717	1.45
4 6 7	3	1	1	1	0	0	0	0.0	0	0	0	1	0.0
2 3 5 8 9	5	0	2	1	0	0	0	0.0	0	0	0	1	0.0
2 4 7 9	4	0	0	5	0	1	0	0.01	0	0.01	0	6	0.01
1 5 8 10	4	0	0	6	3	3	9	0.02	0.07	0.03	0.01	12	0.02
1 3 8 9 10	5	0	2	1	0	1	1	0.0	0	0.01	0.0	2	0.0
5 6 8 9	4	0	2	1	0	0	0	0.0	0	0	0	1	0.0
7 10	2	0	0	1	0	4	0	0.0	0	0.04	0	5	0.01
2 5 8	3	0	0	12	0	1	0	0.03	0	0.01	0	13	0.03
2 5 9	3	0	0	15	2	1	1	0.04	0.04	0.01	0.0	18	0.04
3 4 5 7 8 10	6	0	3	1	1	0	0	0.0	0.02	0	0	2	0.0
2 4 5 6 8 9 10	7	0	4	3	0	1	1	0.01	0	0.01	0.0	4	0.01
2 5 7	3	0	0	3	0	0	0	0.01	0	0	0	3	0.01
1 2 5 8 9	5	0	2	1	0	0	0	0.0	0	0	0	1	0.0
1 3 7	3	0	0	1	0	1	0	0.0	0	0.01	0	2	0.0
1 3 5 7 9	5	0	0	5	1	0	0	0.01	0.02	0	0	6	0.01
1 2 3 5 6 7 9	7	1	4	1	0	0	0	0.0	0	0	0	1	0.0
1 2 5 7 8 9	6	0	3	2	0	0	0	0.01	0	0	0	2	0.0
2 6 7	3	1	1	2	0	0	0	0.01	0	0	0	2	0.0
1 6 7 8	4	1	2	1	0	0	0	0.0	0	0	0	1	0.0
1 2 4 5 7 8 9	7	0	4	1	0	0	0	0.0	0	0	0	1	0.0
1 2 3 4 6 7 8 10	8	1	5	1	0	0	4	0.0	0	0	0.01	1	0.0
3 4 9 10	4	0	2	0	0	0	1	0	0	0	0.0	0	0.0
1 4 5 6 7 8 10	7	1	4	1	1	0	2	0.0	0.02	0	0.0	2	0.0
3 4 8 10	4	0	1	143	25	36	253	0.41	0.56	0.34	0.36	204	0.41
4 5 9 10	4	0	2	1	1	0	0	0.0	0.02	0	0	2	0.0
1 3 6	3	0	0	2	0	3	0	0.01	0	0.03	0	5	0.01
1 4 5 6 10	5	0	2	51	12	22	101	0.15	0.27	0.21	0.14	85	0.17
1 5 10	3	0	0	17	0	4	12	0.05	0	0.04	0.02	21	0.04
2 4 5 6 7 10	6	1	3	5	0	6	18	0.01	0	0.06	0.03	11	0.02
1 2 3 6 7 8 10	7	1	4	13	2	1	20	0.04	0.04	0.01	0.03	16	0.03
2 3 7 8	4	0	2	1	0	0	0	0.0	0	0	0	1	0.0
1 2 4 7 9	5	0	1	0	1	0	0	0	0.02	0	0	1	0.0
1 2 4 7 8	5	0	2	1	0	0	0	0.0	0	0	0	1	0.0
1 4 5 10	4	0	1	15	2	4	4	0.04	0.04	0.04	0.01	21	0.04
1 2 3 5 10	5	0	2	7	0	2	0	0.02	0	0.02	0	9	0.02
1 3 5	3	0	0	1	0	1	0	0.0	0	0.01	0	2	0.0
1 4 10	3	0	0	39	14	16	100	0.11	0.31	0.15	0.14	69	0.14
4 5 8 10	4	0	1	85	7	22	88	0.25	0.16	0.21	0.12	114	0.23
1 2 3 8 9 10	6	0	4	2	0	0	0	0.01	0	0	0	2	0.0
1 4 8 9	4	0	1	2	0	0	0	0.01	0	0	0	2	0.0
5 7 8 9 10	5	0	3	1	0	0	0	0.0	0	0	0	1	0.0
2 3 4 9 10	5	0	3	0	0	1	2	0	0	0.01	0.0	1	0.0
2 3 4 7 10	5	0	2	8	1	0	4	0.02	0.02	0	0.01	9	0.02
1 4 6 8 9 10	6	0	2	15	0	8	36	0.04	0	0.08	0.05	23	0.05
2 3 4 8 10	5	0	2	159	17	38	240	0.46	0.38	0.36	0.34	214	0.43
1 2 5 6 8 10	6	0	2	8	2	11	47	0.02	0.04	0.1	0.07	21	0.04
1 2 5 6 9 10	6	0	3	3	0	1	7	0.01	0	0.01	0.01	4	0.01